Earth & Moon
2020-08-20T13:29:04
10546.9
18750.0
28125.0
37500.0
46875.0
56250.0
65625.0
75000.0
84375.0
89062.5
94921.9
100781.0
106641.0
112500.0
118359.0
125391.0
132422.0
140625.0
146484.0
157031.0
166406.0
175781.0
186328.0
196875.0
208594.0
220312.0
233203.0
247266.0
261328.0
276562.0
292969.0
309375.0
328125.0
346875.0
366797.0
387891.0
411328.0
434766.0
459375.0
486328.0
514453.0
544922.0
576562.0
609375.0
645703.0
682031.0
721875.0
764062.0
808594.0
855469.0
904688.0
957422.0
1013670.0
1072270.0
1134380.0
1196480.0
1265620.0
1312500.0
1368750.0
1425000.0
1481250.0
1565620.0
1621880.0
1687500.0
