Mercury	
2019-04-17T17:04:41	
10546.9	
18750	
28125	
37500	
46875	
56250	
65625	
75000	
84375	
89062.5	
94921.9	
100781	
106641	
112500	
118359	
125391	
132422	
140625	
146484	
157031	
166406	
175781	
186328	
196875	
208594	
220312	
233203	
247266	
261328	
276562	
292969	
309375	
328125	
346875	
366797	
387891	
411328	
434766	
459375	
486328	
514453	
544922	
576562	
609375	
645703	
682031	
721875	
764062	
808594	
855469	
904688	
957422	
1.01E+06	
1.07E+06	
1.13E+06	
1.20E+06	
1.27E+06	
1.31E+06	
1.37E+06	
1.43E+06	
1.48E+06	
1.57E+06	
1.62E+06	
1.69E+06	
	
