Venus	
2019-12-22T11:17:49	
10547	
18750	
28125	
37500	
46875	
56250	
65625	
75000	
84375	
89063	
94922	
100781	
106641	
112500	
118359	
125391	
132422	
140625	
146484	
157031	
166406	
175781	
186328	
196875	
208594	
220312	
233203	
247266	
261328	
276562	
292969	
309375	
328125	
346875	
366797	
387891	
411328	
434766	
459375	
486328	
514453	
544922	
576562	
609375	
645703	
682031	
721875	
764062	
808594	
855469	
904688	
957422	
1013670	
1072270	
1134380	
1196480	
1265620	
1312500	
1368750	
1425000	
1481250	
1565620	
1621880	
1687500	
	
