Venus	
2018-10-06T06:55:19	
1.2750E+06	
1.3219E+06	
1.3781E+06	
1.4250E+06	
1.4719E+06	
1.5750E+06	
1.6219E+06	
1.6781E+06	
1.7719E+06	
1.8281E+06	
1.9219E+06	
2.0250E+06	
2.1281E+06	
2.2219E+06	
2.2781E+06	
2.3719E+06	
2.5219E+06	
2.6250E+06	
2.7281E+06	
2.8781E+06	
2.9719E+06	
3.1219E+06	
3.2719E+06	
3.3750E+06	
3.5250E+06	
3.7219E+06	
3.8719E+06	
4.0219E+06	
4.2281E+06	
4.4250E+06	
4.5750E+06	
4.7719E+06	
5.0250E+06	
5.2219E+06	
5.4750E+06	
5.7281E+06	
5.9719E+06	
6.2250E+06	
6.4781E+06	
6.7781E+06	
7.0781E+06	
7.4250E+06	
7.7250E+06	
8.0719E+06	
8.4281E+06	
8.8219E+06	
9.1781E+06	
9.5719E+06	
1.0022E+07	
1.0472E+07	
1.0922E+07	
1.1428E+07	
1.1925E+07	
1.2422E+07	
1.3022E+07	
1.3575E+07	
1.4175E+07	
1.4822E+07	
1.5478E+07	
1.6125E+07	
1.6875E+07	
1.7625E+07	
1.8375E+07	
1.9172E+07	
